wall: -23.0 -12.0 -23.0 845.0 0.5 (128, 0, 255)
wall: 28.0 815.0 28.0 -111.0 0.5 (128, 0, 255)
wall: -25.0 844.0 248.0 1180.0 0.5 (128, 0, 255)
wall: 28.0 811.0 325.0 1181.0 0.5 (128, 0, 255)
wall: 326.0 1183.0 326.0 1284.0 0.5 (128, 0, 255)
wall: 246.0 1182.0 246.0 1278.0 0.5 (128, 0, 255)
wall: 326.0 1282.0 171.0 1507.0 0.5 (128, 0, 255)
wall: 247.0 1275.0 47.0 1544.0 0.5 (128, 0, 255)
wall: 171.0 1506.0 329.0 1669.0 0.5 (128, 0, 255)
wall: 47.0 1547.0 276.0 1735.0 0.5 (128, 0, 255)
