wall: -75.0 -75.0 -75.0 68.0 0.25 (0, 0, 255)
wall: -73.0 68.0 961.0 68.0 0.25 (0, 0, 255)
wall: 960.0 68.0 1077.0 -40.0 0.25 (0, 0, 255)
wall: 1077.0 -36.0 1077.0 -553.0 0.25 (0, 0, 255)
wall: 1075.0 -550.0 -365.0 -550.0 0.25 (0, 0, 255)
wall: -362.0 -544.0 -74.0 -71.0 0.25 (0, 0, 255)
wall: 397.0 68.0 503.0 -175.0 0.25 (0, 0, 255)
wall: 504.0 -171.0 601.0 69.0 0.25 (0, 0, 255)
wall: 13.0 8.0 165.0 8.0 0.25 (0, 0, 255)
wall: 311.0 -99.0 365.0 -99.0 0.25 (0, 0, 255)
wall: 617.0 -54.0 733.0 -54.0 0.25 (0, 0, 255)
