wall: -7060.0 209.0 8785.0 209.0 0.5 (255, 255, 255)
wall: 7675.0 205.0 7291.0 167.0 0.5 (200, 200, 200)
wall: 6435.0 204.0 6446.0 -212.0 0.5 (200, 200, 200)
wall: 5524.0 77.0 5750.0 208.0 0.5 (200, 200, 200)
wall: 5525.0 78.0 5348.0 210.0 0.5 (200, 200, 200)
wall: 4534.0 209.0 4379.0 -123.0 0.5 (200, 200, 200)
wall: 4376.0 -122.0 4296.0 -57.0 0.5 (200, 200, 200)
wall: 4298.0 -59.0 4264.0 -6.0 0.5 (200, 200, 200)
wall: 4265.0 -11.0 4209.0 210.0 0.5 (200, 200, 200)
wall: 2336.0 206.0 2369.0 132.0 0.5 (200, 200, 200)
wall: 2367.0 134.0 2417.0 86.0 0.5 (200, 200, 200)
wall: 2419.0 85.0 2491.0 56.0 0.5 (200, 200, 200)
wall: 2491.0 56.0 2569.0 72.0 0.5 (200, 200, 200)
wall: 2569.0 72.0 2620.0 108.0 0.5 (200, 200, 200)
wall: 2621.0 111.0 2670.0 183.0 0.5 (200, 200, 200)
wall: 2671.0 184.0 2679.0 208.0 0.5 (200, 200, 200)
wall: 1143.0 205.0 939.0 102.0 0.5 (200, 200, 200)
